0,0.008,0.0,0.0
-1,0.016,0.10815680621426642,69.91447433973316
-1,0.024,0.09850855720512812,0.035864828300823486
-1,0.032,0.0899317399316439,0.04272691096087745
-1,0.04,0.08241491474131762,0.04887731399983179
-1,0.048,0.07572028478632165,0.05338430642229744
-1,0.056,0.06968625041799999,0.05626781460667885
-1,0.064,0.0642033462418734,0.05777683908891663
-1,0.07200000000000001,0.05919431523057411,0.05818384537982036
-1,0.08,0.05460178380172909,0.057731789347565905
-1,0.088,0.05038099413825298,0.05662449288363336
-1,0.096,0.04649550620730648,0.05502886979842086
-1,0.10400000000000001,0.042914610325342654,0.05307992761112974
-1,0.112,0.03961173300838516,0.050885943856794444
-1,0.12,0.036563428671155716,0.04853311143303791
-1,0.128,0.033748722776144796,0.04608951282394947
-1,0.136,0.031148669349326096,0.04360845204988303
-1,0.14400000000000002,0.028746041401311265,0.0411312198992142
-1,0.152,0.026525105162098824,0.03868937541301306
-1,0.16,0.02447144819372446,0.0363066211620218
-1,0.168,0.02257184294480244,0.03400034057416496
-1,0.176,0.020814134292432524,0.03178285570456789
-1,0.184,0.01918714389112479,0.029662454606454926
-1,0.192,0.01768058678069902,0.027644229282146108
-1,0.2,0.01628499733239055,0.02573075815619507
-1,0.20800000000000002,0.01499166262136093,0.023922661065540664
-1,0.216,0.01379256194095965,0.02221904979361416
-1,0.224,0.01268031156501187,0.020617893058733242
-1,0.232,0.011648114109965071,0.01911631147483439
-1,0.24,0.010689712003885913,0.017710815218049812
-1,0.248,0.00979934466947711,0.016397494850924614
-1,0.256,0.00897170909453449,0.015172173889356735
-1,0.264,0.008201923508474129,0.014030530168690044
-1,0.272,0.007485493916214401,0.012968191813286494
-1,0.28,0.006818283265425107,0.011980812585748898
-1,0.28800000000000003,0.006196483042853391,0.011064130545766025
-1,0.296,0.005616587112213672,0.010214013249248836
-1,0.304,0.00507536762041535,0.009426492137263877
-1,0.312,0.0045698528121789084,0.00869778827603819
-1,0.32,0.004097306604850587,0.00802433119364597
-1,0.328,0.0036552097861600593,0.0074027721950495565
-1,0.336,0.003241242708126946,0.006829993207069351
-1,0.34400000000000003,0.0028532693594867887,0.0063031118902159506
-1,0.352,0.002489322708250885,0.005819483437138172
-1,0.36,0.0021475912139195846,0.00537669914223598
-1,0.368,0.001826406416817453,0.004972581464112291
-1,0.376,0.0015242315190519783,0.0046051749148420555
-1,0.384,0.001239650878212282,0.004272731727982941
-1,0.392,0.000971360341207498,0.003973690951579535
-1,0.4,0.0007181583511446429,0.0037066495169572507
-1,0.40800000000000003,0.00047893776565913215,0.0034703241448620762
-1,0.41600000000000004,0.00025267832973442737,0.003263503898682233
-1,0.424,3.843975078179711e-05,0.0030849949464154588
-1,0.432,-0.00016464467224514944,0.0029335615774659166
-1,0.44,-0.00035737391004592254,0.0028078702380587833
-1,0.448,-0.0005404845952653585,0.002706445308538164
-1,0.456,-0.0007146559834526001,0.0026276453406954333
-1,0.464,-0.000880514517208417,0.0025696657167704794
-1,0.47200000000000003,-0.0010386380253260227,0.0025305685232598755
-1,0.48,-0.0011895595861854454,0.0025083344751878033
-1,0.488,-0.0013337710822377315,0.002500927187539702
-1,0.496,-0.0014717264704011154,0.00250635855574408
-1,0.504,-0.0016038447910662504,0.00252274562865006
-1,0.512,-0.0017305129366684646,0.002548352987292736
-1,0.52,-0.0018520881990972066,0.002581618667292306
-1,0.528,-0.001968900613630099,0.0026211648444253452
-1,0.536,-0.0020812551157356847,0.002665796334399081
-1,0.544,-0.0021894335256219845,0.002714490545319901
-1,0.552,-0.002293696374443709,0.002766382266717404
-1,0.56,-0.0023942845847967293,0.0028207460090774227
-1,0.5680000000000001,-0.002491421017063117,0.002876977838600936
317,0.5760000000000001,-0.0025853118925622657,0.002934577960545166
317,0.584,0.04085984043321563,0.07047389118626686
317,0.592,0.07092474618733616,0.13497622678281565
317,0.6,0.0934833225381759,0.19357236269994135
317,0.608,0.11098176608366646,0.24899849965592163
317,0.616,0.12476609927461042,0.30317118706515683
317,0.624,0.135688859030703,0.35697446246253817
317,0.632,0.14433817276461092,0.4106236669478715
317,0.64,0.15114345544481791,0.4639771924372144
317,0.648,0.15643101028423073,0.5167319422126626
317,0.656,0.16045613841852274,0.5685343617782057
317,0.664,0.16342302923508156,0.6190400610990572
317,0.672,0.16549777422217857,0.6679437070933968
317,0.68,0.16681726449986212,0.7149920035093225
317,0.6880000000000001,0.1674954988552219,0.7599871532474034
317,0.6960000000000001,0.1676281952782905,0.8027850819131778
317,0.704,0.16729625298669773,0.8432909239175682
317,0.712,0.16656841332281463,0.8814532452457229
317,0.72,0.16550334884663526,0.9172578711451659
-1,0.728,0.16415133594273673,0.9507218227119116
-1,0.736,0.1447465656992251,0.9201265099509244
-1,0.744,0.12882967953162788,0.8761803557287092
-1,0.752,0.11529633563756214,0.8280753029724307
-1,0.76,0.1034788649769002,0.7790918357056638
-1,0.768,0.09295273934867002,0.7306422027334903
-1,0.776,0.08344227915782233,0.6834620306984525
-1,0.784,0.0747640712102107,0.6379875765324976
-1,0.792,0.06679193314608203,0.594489201966652
-1,0.8,0.059435238800391185,0.553128772820248
-1,0.808,0.0526256759071944,0.5139909408893785
-1,0.8160000000000001,0.04630925526345099,0.47710369111142314
-1,0.8240000000000001,0.04044151586553475,0.44245328168217135
-1,0.8320000000000001,0.034984632815568996,0.409995583541368
-1,0.84,0.029905641050408653,0.37966481272702846
-1,0.848,0.025175310283913167,0.3513802715618605
-1,0.856,0.020767402915824826,0.325051538402773
-1,0.864,0.016658161782853596,0.3005824410476562
-1,0.872,0.012825940204539543,0.2778740756270165
-1,0.88,0.009250923510638345,0.25682707722600945
-1,0.888,0.0059149117566924675,0.2373433049715763
-1,0.896,0.0028011449342062993,0.2193270698968713
-1,0.904,-0.00010584129360949324,0.20268600658138816
-1,0.912,-0.002820337265450437,0.1873316678798821
-1,0.92,-0.005355563826225072,0.17317990483416976
-1,0.928,-0.007723763460858242,0.16015108018679192
-1,0.936,-0.009936280777034583,0.14817015305358616
-1,0.9440000000000001,-0.012003634320271463,0.13716666369157862
-1,0.9520000000000001,-0.013935581194581164,0.127074640479088
-1,0.96,-0.015741175601531533,0.11783244588019862
-1,0.968,-0.017428822154265545,0.10938257406488773
-1,0.976,-0.019006324637336643,0.1016714098501568
-1,0.984,-0.02048093074833022,0.09464895663328848
-1,0.992,-0.021859373257016285,0.08826853996422603
-1,1.0,-0.02314790794341744,0.08248649331914033
-1,1.008,-0.024352348619163793,0.07726183342551711
-1,1.016,-0.025478099493252724,0.07255593399288919
-1,1.024,-0.026530185108985468,0.06833220862223734
-1,1.032,-0.02751327805175377,0.0645558155205314
-1,1.04,-0.028431724605480185,0.061193397800101176
-1,1.048,-0.029289568517220945,0.05821287290220138
-1,1.056,-0.030090573014332,0.055583282483286346
-1,1.064,-0.030838241205626338,0.05327470972847719
-1,1.072,-0.031535834986668065,0.05125826483838812
-1,1.08,-0.03218639255965214,0.049506132284463926
87,1.088,-0.032792744669366526,0.047991666668070254
87,1.096,-0.5254134314786723,0.03584107912154113
87,1.104,-0.15519654313166187,0.04363269944508641
87,1.112,-0.010380535083371223,0.05090687993023145
87,1.12,-0.011303976635749335,0.053865475347041746
87,1.1280000000000001,-0.010340093657029648,0.05458381784979926
87,1.1360000000000001,-0.008061606430082469,0.0538392080219515
87,1.1440000000000001,-0.00478804478525835,0.05225749023673727
87,1.1520000000000001,-0.0006832418615124181,0.050343361099097234
87,1.16,0.004145961716103208,0.048535406152802184
87,1.168,0.009618830974710946,0.047232736540322465
87,1.176,0.015670359928947386,0.046790528265036366
87,1.184,0.02224689544772654,0.04748742251548992
87,1.192,0.029303629873713377,0.04948447641896437
87,1.2,0.036802819355086586,0.05280836493616236
87,1.208,0.04471239817188963,0.05737567322522135
87,1.216,0.05300487256451883,0.06304217512222768
87,1.224,0.061656434060305465,0.06964868422498656
87,1.232,0.0706462499502612,0.07704873729205071
87,1.24,0.0799558969691776,0.08511936291362644
87,1.248,0.08956891024265112,0.0937619134620101
87,1.256,0.09947042458981561,0.10289875748375538
87,1.264,0.1096468895519042,0.11246901256915394
87,1.272,0.1200858431144903,0.1224246443056899
87,1.28,0.1307757320646341,0.13272731294952247
87,1.288,0.14170576935282553,0.14334596203809727
87,1.296,0.152865820794543,0.15425502126949678
87,1.304,0.16424631502784354,0.16543308124923828
87,1.312,0.1758381719097485,0.1768619183425978
87,1.32,0.1876327455454974,0.18852577526256004
87,1.328,0.19962177895021505,0.20041082744101507
87,1.336,0.2117973679823405,0.21250478439706677
87,1.344,0.22415193269483036,0.22479658954611625
87,1.352,0.23667819465107842,0.23727619218322354
87,1.36,0.24936915906726467,0.24993437272809899
87,1.368,0.2622181008898366,0.2627626075537454
87,1.3760000000000001,0.27521855410826496,0.2757529634505587
87,1.3840000000000001,0.2883643037506601,0.2888980144430404
87,1.3920000000000001,0.3016493801208643,0.3021907755919376
87,1.4000000000000001,0.315068054917675,0.315624649798595
87,1.408,0.3286148389345544,0.32919338463496084
87,1.416,0.34228448107588194,0.3428910369599776
87,1.424,0.3560719684468443,0.35671194362606057
87,1.432,0.3699725272813694,0.370650696982704
87,1.44,0.3839816244671959,0.3847021241850491
87,1.448,0.39809496941295064,0.3988612695413497
87,1.456,0.4123085159786103,0.4131233793044954
87,1.464,0.42661846416176413,0.4274838884427033
87,1.472,0.44102126119719176,0.4419384090241406
87,1.48,0.4555136016903208,0.45648271992700373
87,1.488,0.4700924263667189,0.4711127576461382
87,1.496,0.4847549189828936,0.4858246080135368
87,1.504,0.4994985009110048,0.500614498686875
87,1.512,0.5143208228843335,0.5154787922888315
87,1.52,0.5292197533750158,0.5304139801032395
87,1.528,0.5441933630746619,0.5454166762525429
87,1.536,0.5592399049653001,0.5604836122959955
87,1.544,0.5743577895075277,0.5756116322001353
87,1.552,0.5895455545386602,0.5907976876428753
87,1.56,0.6048018295706361,0.6060388336203819
87,1.568,0.6201252943083313,0.621332224331966
87,1.576,0.6355146313785265,0.6366751093228328
87,1.584,0.6509684734689114,0.6520648298676848
87,1.592,0.6664853453273231,0.667498815580097
87,1.6,0.6820636013625014,0.6829745812330744
87,1.608,0.6977013599169599,0.6984897237760196
87,1.616,0.7133964356443491,0.7140419195317693
87,1.624,0.7291462718100234,0.7296289215557188
87,1.6320000000000001,0.7449478747326305,0.7452485571368748
87,1.6400000000000001,0.7607977529819503,0.7608987254187753
87,1.6480000000000001,0.7766918643240858,0.7765773951172917
87,1.6560000000000001,0.7926255737379605,0.7922826023125051
87,1.6640000000000001,0.808593626090271,0.8080124482940231
87,1.672,0.8245901372199367,0.8237650974438991
87,1.68,0.8406086072176321,0.839538775147949
87,1.688,0.8566419595565592,0.8553317657364085
87,1.696,0.8726826094061763,0.871142410466184
87,1.704,0.8887225639092894,0.8869691055699319
87,1.712,0.9047535563994945,0.9028103004097666
87,1.72,0.9207672154588981,0.9186644957837585
87,1.728,0.9367552683572287,0.9345302424393435
87,1.736,0.9527097767740402,0.9504061398470861
87,1.744,0.9686234008063183,0.966290835278674
87,1.752,0.9844896851432903,0.9821830232123342
87,1.76,1.0003033590119694,0.998081445058056
87,1.768,1.0160606391510463,1.0139848891530616
87,1.776,1.031759522774098,1.0298921909294185
87,1.784,1.0474000553833374,1.045802233105316
87,1.792,1.0629845565632574,1.061713945705875
87,1.8,1.0785177857129271,1.077626305689116
87,1.808,1.0940070292696547,1.0935383359447015
87,1.816,1.109462091537165,1.1094491034585388
87,1.824,1.1248951729423073,1.1253577164972937
87,1.832,1.1403206225522873,1.1412633207664367
87,1.84,1.1557545560809315,1.1571650946252479
87,1.848,1.1712143364107472,1.1730622435904423
87,1.856,1.1867179207813483,1.1889539945056957
87,1.864,1.2022830870580379,1.2048395898739386
87,1.872,1.2179265605969352,1.2207182829163599
87,1.8800000000000001,1.2336630727449533,1.2365893339133613
87,1.8880000000000001,1.2495043914164354,1.2524520082841004
87,1.8960000000000001,1.2654583728300788,1.2683055766676692
87,1.9040000000000001,1.2815280906401085,1.2841493169981673
87,1.9120000000000001,1.297711103574919,1.29998251824835
87,1.92,1.3139989245201484,1.315804485206919
87,1.928,1.3303767520284062,1.3316145434166429
87,1.936,1.3468235189144258,1.3474120433009045
87,1.944,1.3633123015239037,1.3631963625973014
87,1.952,1.3798111173510308,1.378966906517292
87,1.96,1.3962841181691332,1.3947231055357274
87,1.968,1.412693161344355,1.4104644113049951
87,1.976,1.4289997145211675,1.4261902917661802
87,1.984,1.4451670197582127,1.4419002269487076
87,1.992,1.461162414154753,1.457593707075544
87,2.0,1.476959677053878,1.473270234326732
87,2.008,1.4925412513320753,1.4889293289383922
87,2.016,1.5079001706229096,1.504570539300933
87,2.024,1.5230415182488264,1.5201934545463742
87,2.032,1.537983249787027,1.5357977170466275
87,2.04,1.5527562318386905,1.551383031590511
87,2.048,1.5674033861630954,1.5669491680447902
87,2.056,1.5819778810154705,1.5824959551844096
87,2.064,1.5965403786624952,1.5980232650462902
87,2.072,1.611155426017938,1.6135309893241039
-1,2.08,1.6258871586091488,1.6290190114815697
-1,2.088,2.5090942712216457,1.6240425600860646
-1,2.096,2.556213774598116,1.6434411355045706
-1,2.104,1.9526677669864214,1.6752108795990208
-1,2.112,1.6791658300450836,1.6911690443866692
-1,2.12,1.6924303110890162,1.6987322400597842
-1,2.128,1.7041299580057656,1.7064896148082127
-1,2.136,1.7148874751605625,1.7144055806990572
-1,2.144,1.7246848900608123,1.722118260863108
-1,2.152,1.733392136659131,1.7294233366304734
-1,2.16,1.7409237284031998,1.7362280018651306
-1,2.168,1.7472609666988956,1.7424963040916164
-1,2.176,1.7524505599885618,1.7482201557409858
-1,2.184,1.756596723810466,1.7534053095815743
-1,2.192,1.7598492732463589,1.7580644134534373
-1,2.2,1.7623885936766066,1.7622134111922862
-1,2.208,1.7644085993244873,1.765869613996242
-1,2.216,1.7660991062585125,1.7690506518435594
-1,2.224,1.7676291923733778,1.7717739042040412
-1,2.232,1.7691330590971786,1.7740561973971616
-1,2.24,1.7706996663043704,1.775913655459934
-1,2.248,1.7723670249055408,1.7773616453875782
-1,2.2560000000000002,1.7741215550621572,1.778414784709207
-1,2.2640000000000002,1.7759024094174072,1.7790869901386528
-1,2.2720000000000002,1.7776101750914934,1.7793915483835983
-1,2.2800000000000002,1.7791189551259041,1.7793411903707825
-1,2.2880000000000003,1.7802905313573167,1.7789481523783495
-1,2.2960000000000003,1.7809891559084112,1.7782242134556738
-1,2.3040000000000003,1.781095519765358,1.7771807070970707
-1,2.312,1.7805185962138659,1.775828513830684
-1,2.32,1.7792043278858631,1.7741780473683963
-1,2.328,1.7771404805445226,1.7722392484144556
-1,2.336,1.7743573822589898,1.7700215969360846
-1,2.344,1.7709246633765146,1.7675341470115733
-1,2.352,1.76694447609332,1.764785580684153
-1,2.36,1.762541973563695,1.7617842711638425
-1,2.368,1.7578540440158152,1.758538343144118
-1,2.376,1.7530174086347239,1.7550557194932936
-1,2.384,1.7481571956735076,1.7513441482363072
-1,2.392,1.743377001628653,1.7474112096743049
-1,2.4,1.738751259391068,1.7432643086576538
-1,2.408,1.7343204780906096,1.7389106599546729
-1,2.416,1.73008962936452,1.734357274791353
-1,2.424,1.7260296594570295,1.7296109543364744
-1,2.432,1.722081832428759,1.7246782921978838
-1,2.44,1.7181643791064505,1.7195656842160467
-1,2.448,1.7141807566667215,1.7142793412213315
-1,2.456,1.710028726599143,1.7088252996924846
-1,2.464,1.7056094388706868,1.7032094264434012
-1,2.472,1.7008357640265601,1.6974374159392902
-1,2.48,1.6956392316054847,1.6915147816355323
-1,2.488,1.6899750957152437,1.6854468449035858
-1,2.496,1.6838252372468658,1.6792387260529085
-1,2.504,1.677198807697169,1.6728953414937284
-1,2.512,1.670130705212855,1.6664214094439138
-1,2.52,1.6626781361334777,1.6598214642909033
-1,2.528,1.654915645408251,1.6530998774581294
-1,2.536,1.6469290902892937,1.6462608810317332
-1,2.544,1.6388090799785633,1.639308589885913
-1,2.552,1.6306444086770382,1.6322470186589122
-1,2.56,1.6225159732647843,1.6250800913991925
-1,2.568,1.6144915954342218,1.6178116435447534
-1,2.576,1.6066220700757932,1.6104454176089218
-1,2.584,1.598938647280757,1.6029850551390574
-1,2.592,1.5914520349829575,1.5954340879789977
-1,2.6,1.5841528926705146,1.587795931580303
-1,2.608,1.5770136818774825,1.5800738822156961
-1,2.616,1.5699916526597777,1.572271118718971
-1,2.624,1.5630326815184328,1.5643907081453645
-1,2.632,1.55609021319548,1.5564520457471667
-1,2.64,1.5490898027544533,1.5484460125627846
-1,2.648,1.5419674245196695,1.5403730699927416
-1,2.656,1.5346681605460701,1.532236420630434
-1,2.664,1.5271472817359917,1.5240397768390272
-1,2.672,1.5193722048464948,1.515786867686342
-1,2.68,1.5113239327144108,1.50748132893719
-1,2.688,1.5029976362812405,1.4991266788536308
-1,2.696,1.4944023426153763,1.490726314980594
-1,2.704,1.4855598032475186,1.482283517834737
-1,2.712,1.4765026734841036,1.4738014581871008
-1,2.72,1.4672721672613112,1.4652832065774237
-1,2.728,1.4579153703562122,1.4567317437968623
-1,2.736,1.4484823992722378,1.4481499709618308
-1,2.744,1.4390235852530127,1.4395407178687343
-1,2.7520000000000002,1.4295868444783582,1.4309067486248472
-1,2.7600000000000002,1.4202153689335308,1.4222507640368363
-1,2.7680000000000002,1.410945740446041,1.413575400796887
-1,2.7760000000000002,1.4018065357781204,1.4048832280232795
-1,2.7840000000000003,1.3928174560654423,1.396176742105088
-1,2.7920000000000003,1.3839889815139257,1.3874583610019302
-1,2.8000000000000003,1.3753225237394093,1.3787304191459102
-1,2.8080000000000003,1.3668110245422411,1.3699951638968857
-1,2.816,1.3584399318132003,1.3612547541657958
-1,2.824,1.3501884708271494,1.3525112614081476
-1,2.832,1.3420311222705117,1.343766672792184
-1,2.84,1.3339392166119497,1.3350228960223134
-1,2.848,1.3258825573591566,1.326281765111547
-1,2.856,1.3178309926900988,1.3175450463544123
-1,2.864,1.3097558651528778,1.308814443847609
-1,2.872,1.301631281739394,1.3000916040995978
-1,2.88,1.2934351607713888,1.2913781195115708
-1,2.888,1.2851500268135805,1.2826755307546023
-1,2.896,1.2767635394309509,1.2739853282617144
-1,2.904,1.2682687553232277,1.2653089531786779
-1,2.912,1.2596641356284233,1.2566477981568556
-1,2.92,1.2509533205616374,1.2480032083314705
-1,2.928,1.2421447017744274,1.239376482723476
-1,2.936,1.2332508287556128,1.2307688761607434
-1,2.944,1.2242876892323293,1.222181601663053
-1,2.952,1.2152739049833439,1.213615833105141
-1,2.96,1.2062298839189747,1.2050727078838581
-1,2.968,1.1971769669811414,1.1965533292853423
-1,2.976,1.1881366046738602,1.1880587682722796
-1,2.984,1.1791295931930252,1.1795900644874444
-1,2.992,1.170175394540634,1.1711482263738233
-1,3.0,1.1612915590299868,1.1627342304331967
-1,3.008,1.1524932625459834,1.154349019753741
-1,3.016,1.143792965098723,1.1459935020293204
-1,3.024,1.135200191834088,1.1376685473480035
-1,3.032,1.1267214329138313,1.1293749860469922
-1,3.04,1.1183601546633237,1.1211136069135683
-1,3.048,1.110116911160453,1.1128851559635922
-1,3.056,1.101989543025198,1.104690335956976
-1,3.064,1.0939734485258072,1.0965298067271227
-1,3.072,1.0860619112098169,1.0884041863168235
-1,3.08,1.0782464680103323,1.0803140528353523
-1,3.088,1.07051730210511,1.072259946893996
-1,3.096,1.0628636456210596,1.064242374437736
-1,3.104,1.0552741784980126,1.0562618097764733
-1,3.112,1.0477374113638145,1.048318698626894
-1,3.12,1.0402420420359217,1.040413461002263
-1,3.128,1.0327772771732682,1.0325464938257203
-1,3.136,1.0253331125744054,1.0247181731880908
-1,3.144,1.0179005675778,1.016928856217412
-1,3.152,1.010471870909873,1.00917888256775
-1,3.16,1.0030405970843002,1.0014685755681225
-1,3.168,0.9956017540433384,0.9937982430931326
-1,3.176,0.9881518241167894,0.9861681782295693
-1,3.184,0.9806887615345287,0.9785786598119327
-1,3.192,0.9732119506542837,0.9710299528919385
-1,3.2,0.9657221297605915,0.9635223091929142
-1,3.208,0.9582212857562722,0.9560559675801793
-1,3.216,0.9507125253217612,0.9486311545609205
-1,3.224,0.9431999281805833,0.9412480848060293
-1,3.232,0.935688387997157,0.9339069616743654
-1,3.24,0.9281834461814036,0.926607977708108
-1,3.248,0.9206911234984878,0.9193513150621483
-1,3.2560000000000002,0.9132177539167143,0.9121371458334618
-1,3.2640000000000002,0.9057698245896296,0.9049656322595083
-1,3.2720000000000002,0.8983538252921248,0.8978369267644237
-1,3.2800000000000002,0.8909761100281826,0.8907511718440579
-1,3.2880000000000003,0.8836427729272608,0.883708499793196
-1,3.2960000000000003,0.8763595399609518,0.8767090322898893
-1,3.3040000000000003,0.869131677453576,0.869752879864641
-1,3.3120000000000003,0.8619639178506723,0.8628401412884703
-1,3.3200000000000003,0.8548604027417889,0.8559709029208936
-1,3.3280000000000003,0.8478246427320228,0.8491452380606449
-1,3.336,0.8408594934079551,0.842363206341623
-1,3.344,0.8339671463602862,0.8356248532123912
-1,3.352,0.8271491340012688,0.8289302095324961
-1,3.36,0.8204063467477949,0.8222792913117933
-1,3.368,0.8137390610288151,0.8156720996090102
-1,3.376,0.8071469765131193,0.8091086205997188
-1,3.384,0.8006292609326937,0.802588825812728
-1,3.392,0.7941846008972143,0.7961126725281887
-1,3.4,0.7878112571453764,0.789680104323085
-1,3.408,0.7815071227572092,0.7832910517440153
-1,3.416,0.7752697829522338,0.7769454330852551
-1,3.424,0.7690965752127485,0.7706431552450949
-1,3.432,0.7629846486014352,0.7643841146354028
-1,3.44,0.7569310212780233,0.7581681981178496
-1,3.448,0.7509326353580452,0.7519952839431377
-1,3.456,0.7449864083998188,0.745865242672396
-1,3.464,0.7390892809419313,0.739777938061553
-1,3.472,0.7332382596471656,0.7337332278959204
-1,3.48,0.727430455736816,0.7277309647628115
-1,3.488,0.7216631185157855,0.7217709967567068
-1,3.496,0.7159336638980501,0.7158531681124197
-1,3.504,0.7102396979394345,0.709977319766878
-1,3.512,0.7045790354714143,0.7041432898496687
-1,3.52,0.6989497140034764,0.6983509141086294
-1,3.528,0.6933500031244858,0.6926000262733882
-1,3.536,0.6877784096863392,0.6868904583643394
-1,3.544,0.682233679092014,0.681222040952829
-1,3.552,0.6767147930409011,0.6755946033791487
-1,3.56,0.6712209641048624,0.6700079739343378
-1,3.568,0.6657516275197357,0.664461980010881
-1,3.576,0.6603064305798293,0.6589564482275789
-1,3.584,0.65488522002092,0.6534912045318897
-1,3.592,0.6494880277661805,0.6480660742835616
-1,3.6,0.6441150553955012,0.6426808823209161
-1,3.608,0.6387666576796978,0.6373354530120376
-1,3.616,0.6334433254982137,0.6320296102920784
-1,3.624,0.6281456684353102,0.626763177686564
-1,3.632,0.6228743973211978,0.6215359783213114
-1,3.64,0.6176303069588304,0.6163478349194962
-1,3.648,0.612414259247429,0.6111985697851624
-1,3.656,0.60722716688648,0.6060880047734859
-1,3.664,0.6020699778155448,0.6010159612483869
-1,3.672,0.5969436605193128,0.5959822600277154
-1,3.68,0.5918491903006146,0.590986721316507
-1,3.688,0.5867875366012948,0.5860291646296694
-1,3.696,0.5817596514270692,0.5811094087052677
-1,3.704,0.5767664589129989,0.5762272714100095
-1,3.712,0.5718088460467143,0.5713825696386486
-1,3.72,0.5668876545496909,0.566575119209591
-1,3.728,0.5620036739028169,0.5618047347580882
-1,3.736,0.5571576354882852,0.5570712296306679
-1,3.744,0.5523502078098778,0.552374415781346
-1,3.7520000000000002,0.547581992744213,0.5477141036730429
-1,3.7600000000000002,0.5428535227670499,0.543090102185744
-1,3.7680000000000002,0.5381652590945235,0.5385022185331543
-1,3.7760000000000002,0.5335175906728549,0.5339502581904266
-1,3.7840000000000003,0.5289108339489674,0.5294340248331433
-1,3.7920000000000003,0.5243452333500613,0.5249533202897353
-1,3.8000000000000003,0.5198209624024777,0.5205079445082874
-1,3.8080000000000003,0.5153381254181346,0.5160976955376532
-1,3.8160000000000003,0.5108967596780631,0.5117223695236942
-1,3.8240000000000003,0.506496838046437,0.5073817607213
-1,3.8320000000000003,0.5021382719477148,0.5030756615207769
-1,3.84,0.49782091464534434,0.498803862489459
-1,3.848,0.4935445647626325,0.49456615242683244
-1,3.856,0.48930896998857304,0.4903623184335565
-1,3.864,0.48511383091892496,0.48619214599243005
-1,3.872,0.48095880498239374,0.48205541906029004
-1,3.88,0.476843510409763,0.4779519201706669
-1,3.888,0.47276753020525436,0.47388143054447646
-1,3.896,0.46873041608465754,0.46984373020865866
-1,3.904,0.46473169234900447,0.46583859812080686
-1,3.912,0.4607708596651545,0.4618658122984245
-1,3.92,0.45684739872987556,0.45792514995209443
-1,3.928,0.4529607737967192,0.45401638762056024
-1,3.936,0.44911043604815637,0.45013930130727287
-1,3.944,0.44529582679991375,0.44629366661634556
-1,3.952,0.4415163805251338,0.44247925888820067
-1,3.96,0.4377715276916363,0.43869585333248023
-1,3.968,0.4340606974050888,0.4349432251584709
-1,3.976,0.43038331985559825,0.4312211497019766
-1,3.984,0.4267388285658037,0.4275294025476418
-1,3.992,0.4231266624411628,0.42386775964658147
-1,4.0,0.41954626762423985,0.4202359974287991
-1,4.008,0.41599709915711147,0.41663389290967
-1,4.016,0.41247862245614825,0.41306122379083754
-1,4.024,0.40899031460523083,0.4095177685545534
-1,4.032,0.4055316654745295,0.40600330655200284
-1,4.04,0.4021021786716411,0.402517618085338
-1,4.048,0.39870137233450254,0.399060484482985
-1,4.056,0.39532877977297176,0.3956316881691315
-1,4.064,0.39198394996989794,0.392231012726811
-1,4.072,0.38866644794925853,0.3888582429548915
-1,4.08,0.3853758550217192,0.38551316491939674
-1,4.088,0.382111768916636,0.38219556599908405
-1,4.096,0.37887380380926716,0.3789052349257671
-1,4.104,0.3756615902534683,0.37564196181914483
-1,4.112,0.3724747750275357,0.3724055382171787
-1,4.12,0.3693130209031184,0.36919575710166735
-1,4.128,0.36617600634459174,0.36601241291933634
-1,4.136,0.36306342514772216,0.36285530159925294
-1,4.144,0.3599749860252083,0.35972422056615594
-1,4.152,0.3569104121462253,0.3566189687503405
-1,4.16,0.3538694406372458,0.3535393465943435
-1,4.168,0.3508518220505667,0.35048515605678904
-1,4.176,0.3478573198066751,0.3474562006134092
-1,4.184,0.3448857096162884,0.34445228525542315
-1,4.192,0.3419367788874504,0.34147321648573353
-1,4.2,0.3390103261220321,0.33851880231361114
-1,4.208,0.33610616030703283,0.33558885224654605
-1,4.216,0.3332241003039838,0.33268317728137525
-1,4.224,0.33036397424059505,0.32980158989363545
-1,4.232,0.32752561890775606,0.32694390402525086
-1,4.24,0.3247088791649781,0.32410993507194
-1,4.248,0.32191360735702695,0.32129949986884065
-1,4.256,0.31913966274345656,0.3185124166756779
-1,4.264,0.3163869109441416,0.3157485051613598
-1,4.272,0.31365522340130564,0.3130075863875472
-1,4.28,0.31094447686030635,0.31028948279219126
-1,4.288,0.3082545528702079,0.30759401817247384
-1,4.296,0.30558533730460113,0.3049210176674216
-1,4.304,0.3029367199044041,0.3022703077405718
-1,4.312,0.3003085938419715,0.2996417161620184
-1,4.32,0.297700855308035,0.2970350719909935
-1,4.328,0.2951134031206089,0.294450205558201
-1,4.336,0.29254613835691806,0.2918869484478946
-1,4.344,0.2899989640074369,0.28934513348085933
-1,4.352,0.2874717846522431,0.28682459469651395
-1,4.36,0.28496450615925967,0.28432516733640445
-1,4.368,0.28247703540430974,0.2818466878268631
-1,4.376,0.28000928001149367,0.27938899376271636
-1,4.384,0.2775611481150298,0.276951923890871
-1,4.392,0.27513254813982974,0.27453531809455295
-1,4.4,0.27272338860230716,0.2721390173775855
-1,4.408,0.2703335779289608,0.2697628638492037
-1,4.416,0.2679630242928949,0.2674067007095696
-1,4.424,0.2656116354675313,0.26507037223515495
-1,4.432,0.26327931869620896,0.26275372376476663
-1,4.44,0.26096598057730486,0.26045660168643747
-1,4.448,0.2586715269641871,0.25817885342384866
-1,4.456,0.2563958628786564,0.25592032742433873
-1,4.464,0.2541388924375097,0.2536808731463344
-1,4.472,0.2519005187916743,0.2514603410477576
-1,4.48,0.24968064407629867,0.2492585825750215
-1,4.488,0.24747916937190692,0.2470754501519505
-1,4.496,0.24529599467545496,0.24491079716979028
-1,4.5040000000000004,0.24313101888066443,0.24276447797708858
-1,4.5120000000000005,0.24098413976684055,0.24063634787033583
-1,4.5200000000000005,0.2388552539956992,0.238526263085034
-1,4.5280000000000005,0.23674425711524455,0.23643408078713962
-1,4.5360000000000005,0.23465104357054123,0.23435965906466003
-1,4.5440000000000005,0.23257550672031635,0.2323028569203485
-1,4.5520000000000005,0.2305175388589688,0.2302635342638887
-1,4.5600000000000005,0.2284770312437091,0.2282415519052368
-1,4.5680000000000005,0.22645387412578197,0.22623677154789934
-1,4.5760000000000005,0.2244479567857842,0.22424905578281598
-1,4.5840000000000005,0.2224591675724689,0.22227826808212534
-1,4.5920000000000005,0.22048739394447456,0.22032427279409256
-1,4.6000000000000005,0.21853252251436805,0.21838693513742297
-1,4.6080000000000005,0.21659443909544565,0.21646612119668374
-1,4.616,0.21467302874993036,0.2145616979172798
-1,4.624,0.21276817583869276,0.21267353310153977
-1,4.632,0.2108797640726346,0.21080149540419102
-1,4.64,0.20900767656425912,0.2089454543285576
-1,4.648,0.2071517958804875,0.20710528022325844
-1,4.656,0.20531200409541836,0.20528084427835322
-1,4.664,0.20348818284365291,0.20347201852243338
-1,4.672,0.20168021337323638,0.20167867581938329
-1,4.68,0.19988797659849342,0.1999006898657548
-1,4.688,0.1981113531525534,0.19813793518775674
-1,4.696,0.19635022343901667,0.1963902871391911
-1,4.704,0.19460446768323694,0.19465762189850516
-1,4.712,0.19287396598270942,0.1929398164669017
-1,4.72,0.19115859835626048,0.19123674866595378
-1,4.728,0.18945824479239268,0.18954829713566704
-1,4.736,0.18777278529668676,0.18787434133232406
-1,4.744,0.18610209993752647,0.18621476152672106
-1,4.752,0.18444606889105,0.18456943880224172
-1,4.76,0.1828045724844973,0.18293825505293493
-1,4.768,0.18117749123802512,0.1813210929820953
-1,4.776,0.1795647059057695,0.17971783610007036
-1,4.784,0.17796609751464607,0.1781283687230147
-1,4.792,0.1763815474023716,0.17655257597086976
-1,4.8,0.1748109372535753,0.17499034376579142
-1,4.808,0.17325414913477455,0.17344155883052437
-1,4.816,0.1717110655276061,0.171906108686724
-1,4.824,0.1701815693605781,0.17038388165311416
-1,4.832,0.16866554403980927,0.1688747668439251
-1,4.84,0.1671628734776063,0.16737865416705558
-1,4.848,0.16567344212012325,0.16589543432234877
-1,4.856,0.16419713497352303,0.1644249987996473
-1,4.864,0.1627338376284596,0.16296723987712813
-1,4.872,0.1612834362835066,0.1615220506193056
-1,4.88,0.15984581776715376,0.16008932487509162
-1,4.888,0.15842086955833432,0.1586689572756349
-1,4.896,0.15700847980588636,0.15726084323260578
-1,4.904,0.1556085373464846,0.15586487893570444
-1,4.912,0.15422093172178097,0.15448096135078102
-1,4.92,0.15284555319374638,0.1531089882172901
-1,4.928,0.15148229275954558,0.15174885804630128
-1,4.936,0.1501310421646326,0.15040047011784374
-1,4.944,0.14879169391529873,0.14906372447869573
-1,4.952,0.14746414128982008,0.1477385219395636
-1,4.96,0.14614827834889893,0.1464247640728163
-1,4.968,0.1448439999447491,0.14512235320972036
-1,4.976,0.14355120172953847,0.1438311924375643
-1,4.984,0.1422697801629838,0.14255118559706012
-1,4.992,0.14099963251877093,0.14128223727941225
-1,5.0,0.13974065689048684,0.14002425282327516
-1,5.008,0.13849275219640125,0.13877713831198843
-1,5.016,0.13725581818393137,0.1375408005702012
-1,5.024,0.13602975543289722,0.13631514716088486
-1,5.032,0.13481446535844743,0.13510008638228999
-1,5.04,0.13360985021328572,0.1338955272642372
-1,5.048,0.13241581308898814,0.13270137956524009
-1,5.056,0.13123225791711637,0.13151755376873975
-1,5.064,0.13005908946938785,0.13034396107994967
-1,5.072,0.12889621335769685,0.12918051342197884
-1,5.08,0.1277435360332791,0.1280271234326759
-1,5.088,0.12660096478550859,0.126883704460529
-1,5.096,0.12546840774043386,0.12575017056128796
-1,5.104,0.12434577385848793,0.12462643649414076
-1,5.112,0.12323297293238583,0.1235124177179461
-1,5.12,0.1221299155838577,0.12240803038713195
-1,5.128,0.1210365132607592,0.12131319134814918
-1,5.136,0.11995267823341242,0.12022781813542534
-1,5.144,0.1188783235909317,0.1191518289671511
-1,5.152,0.1178133632367276,0.11808514274162198
-1,5.16,0.11675771188451572,0.11702767903280228
-1,5.168,0.11571128505344096,0.11597935808655477
-1,5.176,0.11467399906329802,0.11494010081614885
-1,5.184,0.1136457710291809,0.113909828798545
-1,5.192,0.11262651885661285,0.11288846426973559
-1,5.2,0.11161616123568298,0.11187593012069608
-1,5.208,0.11061461763550132,0.11087214989322455
-1,5.216,0.1096218082985203,0.10987704777555941
-1,5.224,0.10863765423427549,0.10889054859799646
-1,5.232,0.10766207721366758,0.10791257782872796
-1,5.24,0.10669499976275915,0.10694306156923732
-1,5.248,0.10573634515599992,0.1059819265503597
-1,5.256,0.10478603741052298,0.10502910012734332
-1,5.264,0.10384400127917011,0.10408451027590948
-1,5.272,0.10291016224407494,0.10314808558759114
-1,5.28,0.10198444651052778,0.10221975526551509
-1,5.288,0.10106678099952537,0.1012994491196845
-1,5.296,0.10015709334190306,0.10038709756281645
-1,5.304,0.09925531187090426,0.09948263160573517
-1,5.312,0.09836136561600842,0.09858598285298713
-1,5.32,0.09747518429586398,0.09769708349851171
-1,5.328,0.09659669831169461,0.09681586632081193
-1,5.336,0.09572583874035911,0.09594226467901343
-1,5.344,0.09486253732758573,0.09507621250797947
-1,5.352,0.09400672648138562,0.09421764431414768
-1,5.36,0.09315833926515918,0.09336649517097807
-1,5.368,0.09231730939091568,0.09252270071456736
-1,5.376,0.0914835712125802,0.09168619713909705
-1,5.384,0.09065705971948912,0.09085692119255852
-1,5.392,0.08983771052936149,0.09003481017236739
-1,5.4,0.08902545988209487,0.08921980192081129
-1,5.408,0.08822024463273334,0.0884118348207193
-1,5.416,0.08742200224518264,0.0876108477912429
-1,5.424,0.08663067078573355,0.08681678028324769
-1,5.432,0.08584618891641306,0.08602957227514972
-1,5.44,0.08506849588853437,0.08524916426852941
-1,5.448,0.08429753153669739,0.08447549728380105
-1,5.456,0.08353323627188268,0.08370851285599333
-1,5.464,0.08277555107577438,0.08294815303025226
-1,5.472,0.08202441749402775,0.08219436035789922
-1,5.48,0.08127977763049739,0.08144707789198939
-1,5.488,0.08054157414113494,0.08070624918314769
-1,5.496,0.07980975022748386,0.07997181827534923
-1,5.5040000000000004,0.07908424963118713,0.07924372970175528
-1,5.5120000000000005,0.07836501662809085,0.07852192848054929
-1,5.5200000000000005,0.07765199602188189,0.07780636011077273
-1,5.5280000000000005,0.07694513313881725,0.07709697056843873
-1,5.5360000000000005,0.07624437382185305,0.07639370630197938
-1,5.5440000000000005,0.07554966442472585,0.07569651422880343
-1,5.5520000000000005,0.07486095180672052,0.07500534173057707
-1,5.5600000000000005,0.07417818332690562,0.07432013664989272
-1,5.5680000000000005,0.07350130683856315,0.0736408472857163
-1,5.5760000000000005,0.07283027068419144,0.07296742238983399
-1,5.5840000000000005,0.07216502368967921,0.07229981116257714
-1,5.5920000000000005,0.07150551515930817,0.07163796324921352
-1,5.6000000000000005,0.07085169487047631,0.07098182873594981
-1,5.6080000000000005,0.07020351306847092,0.07033135814598976
-1,5.6160000000000005,0.06956092046155436,0.06968650243575883
-1,5.6240000000000006,0.06892386821566016,0.06904721299129539
-1,5.632,0.06829230794972299,0.06841344162408687
-1,5.64,0.06766619173067784,0.06778514056768294
-1,5.648,0.0670454720683678,0.06716226247380933
-1,5.656,0.06643010191123862,0.06654476040875898
-1,5.664,0.06582003464128305,0.06593258784961692
-1,5.672,0.06521522406929273,0.06532569868070692
-1,5.68,0.06461562443080959,0.06472404719003841
-1,5.688,0.06402119038095563,0.06412758806553123
-1,5.696,0.0634318769903496,0.06353627639168469
-1,5.704,0.06284763974058377,0.06295006764602407
-1,5.712,0.0622684345197436,0.062368917695436864
-1,5.72,0.06169421761823464,0.061792782792897065
-1,5.728,0.06112494572475308,0.061221619574023084
-1,5.736,0.06056057592156275,0.06065538505346919
-1,5.744,0.06000106568086777,0.06009403662181656
-1,5.752,0.05944637286038125,0.05953753204196469
-1,5.76,0.058896455699587284,0.058985829446078025
-1,5.768,0.05835127281554966,0.05843888733208834
-1,5.776,0.05781078319914912,0.057896664560474896
-1,5.784,0.05727494621100029,0.057359120351100024
-1,5.792,0.05674372157782112,0.0568262142798781
-1,5.8,0.05621706938877178,0.056297906275722266
-1,5.808,0.055694950091419414,0.055774156617324516
-1,5.816,0.05517732448819859,0.05525492592993578
-1,5.824,0.054664153732970844,0.05474017518253465
-1,5.832,0.05415539932731583,0.05422986568444104
-1,5.84,0.05365102311677677,0.05372395908248484
-1,5.848,0.053150987287710456,0.05322241735795263
-1,5.856,0.05265525436392314,0.052725202823423405
-1,5.864,0.05216378720284495,0.0522322781201038
-1,5.872,0.05167654899246952,0.051743606214663874
-1,5.88,0.05119350324819298,0.05125915039640578
-1,5.888,0.05071461380916413,0.050778874274377106
-1,5.896,0.050239844835402434,0.05030274177442867
-1,5.904,0.04976916080439193,0.04983071713660529
-1,5.912,0.04930252650814547,0.04936276491209258
-1,5.92,0.04883990704996133,0.0488988499605523
-1,5.928,0.04838126784134543,0.04843893744729119
-1,5.936,0.04792657459912335,0.04798299284076282
-1,5.944,0.047475793342419,0.04753098190951444
-1,5.952,0.047028890389641934,0.04708287071979986
-1,5.96,0.04658583235545265,0.04663862563269277
-1,5.968,0.04614658614830859,0.04619821330169972
-1,5.976,0.04571111896725785,0.04576160066987348
-1,5.984,0.045279398299246765,0.04532875496759247
-1,5.992,0.04485139191623992,0.044899643709563106
-1,6.0,0.04442706787287688,0.044474234692654824
-1,6.008,0.04400639450323783,0.044052495993179966
-1,6.016,0.043589340418488616,0.04363439596456224
-1,6.024,0.04317587450432019,0.04321990323461667
-1,6.032,0.04276596591810168,0.04280898670344006
-1,6.04,0.042359584086309396,0.04240161554080199
-1,6.048,0.04195669870236952,0.04199775918359124
-1,6.056,0.04155727972374893,0.04159738733381734
-1,6.064,0.04116129736946044,0.041200469956057036
-1,6.072,0.040768722117774214,0.04080697727495626
-1,6.08,0.04037952470402268,0.04041687977334274
-1,6.088,0.039993676117634484,0.04003014818939486
-1,6.096,0.03961114760023932,0.039646753514920856
-1,6.104,0.03923191064296577,0.0392666669927497
-1,6.112,0.03885593698471822,0.03888986011462172
-1,6.12,0.038483198608946875,0.03851630461902364
-1,6.128,0.038113667742458154,0.03814597248891256
-1,6.136,0.03774731685222293,0.037778835949717614
-1,6.144,0.03738411864390366,0.03741486746695293
-1,6.152,0.03702404605913891,0.03705403974433025
-1,6.16,0.036667072273649085,0.036696325721427475
-1,6.168,0.03631317069511002,0.036341698571967805
-1,6.176,0.03596231496089449,0.03599013170132173
-1,6.184,0.03561447893613504,0.03564159874473065
-1,6.192,0.03526963671148951,0.035296073565197504
-1,6.2,0.03492776260127431,0.03495353025159932
-1,6.208,0.034588831141237494,0.034613943116466844
-1,6.216,0.03425281708664597,0.03427728669426363
-1,6.224,0.03391969541059282,0.03394353573922114
-1,6.232,0.03358944130137539,0.0336126652235624
-1,6.24,0.033262030161277996,0.033284650335503575
-1,6.248,0.032937437604156405,0.03295946647747764
-1,6.256,0.03261563945376912,0.03263708926402494
-1,6.264,0.03229661174183834,0.0323174945201834
-1,6.272,0.031980330706162595,0.03200065827943457
-1,6.28,0.03166677278872125,0.031686556781982865
-1,6.288,0.03135591463418803,0.031375166473034656
-1,6.296,0.031047733087675326,0.03106646400079989
-1,6.304,0.030742205193244138,0.030760426214826803
-1,6.312,0.030439308191938123,0.03045703016422551
-1,6.32,0.030139019520400816,0.030156253096002752
-1,6.328,0.02984131680855266,0.029858072453118938
-1,6.336,0.02954617787867267,0.029562465873044935
-1,6.344,0.029253580742744704,0.02926941118581912
-1,6.352,0.028963503601815287,0.028978886412604165
-1,6.36,0.028675924843289322,0.028690869763799618
-1,6.368,0.02839082304026837,0.028405339637487634
-1,6.376,0.02810817694924205,0.028122274617823115
-1,6.384,0.027827965508640796,0.02784165347336846
-1,6.392,0.02755016783750706,0.02756345515548369
-1,6.4,0.02727476323359961,0.027287658796827666
-1,6.408,0.027001731171884966,0.027014243709637283
-1,6.416,0.026731051303124035,0.02674318938422866
-1,6.424,0.026462703452152944,0.02647447548744282
-1,6.432,0.02619666761666448,0.02620808186125797
-1,6.44,0.02593292396531586,0.025943988520902073
-1,6.448,0.025671452836498843,0.02568217565374268
-1,6.456,0.025412234736889895,0.025422623617566087
-1,6.464,0.025155250339702444,0.025165312939189555
-1,6.472,0.024900480483676976,0.024910224312962508
-1,6.48,0.024647906171058154,0.024657338599267782
-1,6.488,0.024397508566949274,0.02440663682313382
-1,6.496,0.024149268997164963,0.024158100172846916
-1,6.5040000000000004,0.023903168947249132,0.023911709998396907
-1,6.5120000000000005,0.023659190060954523,0.023667447810311465
-1,6.5200000000000005,0.023417314139005288,0.023425295278046262
-1,6.5280000000000005,0.023177523137587273,0.023185234228597213
-1,6.5360000000000005,0.022939799167084492,0.022947246645445764
-1,6.5440000000000005,0.022704124490641395,0.022711314666727066
-1,6.5520000000000005,0.022470481523179996,0.022477420584397268
-1,6.5600000000000005,0.02223885282960252,0.022245546842457213
-1,6.5680000000000005,0.02200922112398155,0.02201567603595319
-1,6.5760000000000005,0.02178156926777685,0.021787790909478206
-1,6.5840000000000005,0.021555880269188518,0.021561874356117262
-1,6.5920000000000005,0.021332137281116374,0.02133790941578201
-1,6.6000000000000005,0.021110323600788267,0.021115879274322572
-1,6.6080000000000005,0.020890422667749507,0.020895767262084322
-1,6.6160000000000005,0.02067241806321785,0.02067755685268657
-1,6.6240000000000006,0.020456293508323353,0.020461231661690362
-1,6.632000000000001,0.02024203286362511,0.02024677544571027
-1,6.640000000000001,0.020029620127106414,0.02003417210069359
-1,6.648000000000001,0.01981903943371778,0.019823405661143146
-1,6.656000000000001,0.01961027505358863,0.019614460298674072
-1,6.664,0.019403311391394756,0.019407320321070065
-1,6.672,0.01919813298480273,0.019201970170840143
-1,6.68,0.018994724503685303,0.018998394424163942
-1,6.688,0.018793070748647545,0.018796577789892487
-1,6.696,0.018593156650216325,0.01859650510810494
-1,6.704,0.01839496726753593,0.018398161349331456
-1,6.712,0.018198487787137185,0.018201531613054343
-1,6.72,0.01800370352248244,0.018006601126930973
-1,6.728,0.017810599911957426,0.017813355245517005
-1,6.736,0.01761916251863676,0.017621779449156143
-1,6.744,0.017429377028723842,0.01743185934298098
-1,6.752,0.01724122925062141,0.017243580655858293
-1,6.76,0.017054705113935427,0.017056929239223275
-1,6.768,0.016869790668476263,0.016871891066080384
-1,6.776,0.016686472083112965,0.016688452229948605
-1,6.784,0.016504735645071558,0.016506598943917778
-1,6.792,0.016324567758228454,0.016326317539427378
-1,6.8,0.016145954942933163,0.01614759446537832
-1,6.808,0.01596888383459457,0.015970416287244764
-1,6.816,0.015793341182714124,0.01579476968574192
-1,6.824,0.015619313850023082,0.015620641456104348
-1,6.832,0.015446788811442734,0.015448018507086768
-1,6.84,0.015275753152993421,0.015276887859853892
-1,6.848,0.015106194071289228,0.015107236647203202
-1,6.856,0.01493809887220518,0.014939052112288251
-1,6.864,0.014771454969952318,0.014772321608063549
-1,6.872,0.014606249886380786,0.01460703259611881
-1,6.88,0.014442471249956429,0.014443172645735287
-1,6.888,0.014280106794854978,0.014280729433108616
-1,6.896,0.014119144359861656,0.014119690740238604
-1,6.904,0.013959571888044656,0.013960044454096546
-1,6.912,0.013801377425068356,0.013801778565903618
-1,6.92,0.013644549119141307,0.013644881169965116
-1,6.928,0.013489075219619128,0.01348934046289332
-1,6.936,0.013334944076173446,0.013335144742774823
-1,6.944,0.013182144138154847,0.01318228240822686
-1,6.952,0.013030663953788428,0.013030741957731172
-1,6.96,0.012880492168915953,0.012880511988412766
-1,6.968,0.012731617526597688,0.012731581195484789
-1,6.976,0.012584028866178567,0.012583938371360386
-1,6.984,0.012437715122391512,0.012437572404708979
-1,6.992,0.012292665324411114,0.012292472279845697
-1,7.0,0.012148868595415257,0.012148627075565615
-1,7.008,0.012006314151585096,0.012006025964755147
-1,7.016,0.01186499130133066,0.011864658213226423
-1,7.024,0.011724889444389175,0.011724513179162059
-1,7.032,0.011585998071237627,0.01158558031217152
-1,7.04,0.011448306762197703,0.011447849152514015
-1,7.048,0.011311805186889382,0.011311309330543314
-1,7.056,0.01117648310314069,0.011175950565597597
-1,7.064,0.01104233035643036,0.011041762665499782
-1,7.072,0.010909336879112415,0.01090873552566945
-1,7.08,0.010777492689818955,0.010776859128401105
-1,7.088,0.010646787892457517,0.01064612354219811
-1,7.096,0.010517212675753514,0.010516518920828983
-1,7.104,0.010388757312116024,0.010388035502883322
-1,7.112,0.010261412157582294,0.010260663610772568
-1,7.12,0.010135167650515598,0.010134393650230488
-1,7.128,0.010010014311140836,0.010009216109424913
-1,7.136,0.009885942741023472,0.009885121558347176
-1,7.144,0.009762943621966596,0.009762100648201504
-1,7.152,0.00964100771565909,0.009640144110405788
-1,7.16,0.009520125862839218,0.009519242756258513
-1,7.168,0.009400288982831014,0.009399387475995145
-1,7.176,0.009281488072619958,0.009280569238343962
-1,7.184,0.00916371420627202,0.009162779089582396
-1,7.192,0.009046958534396271,0.009046008153037504
-1,7.2,0.008931212283208525,0.008930247628530763
-1,7.208,0.008816466754407445,0.008815488791434456
-1,7.216,0.008702713324006272,0.008701722992283101
-1,7.224,0.008589943441932498,0.008588941655996224
-1,7.232,0.008478148631360755,0.00847713628126784
-1,7.24,0.008367320488087334,0.008366298439955821
-1,7.248,0.008257450680158438,0.008256419776415695
-1,7.256,0.008148530946641837,0.008147492007056651
